z12 = .05+1i*0.15;
z23 = .05+1i*0.15;
z31 = .05+1i*0.15;

y11 = (1/z12)+(1/z31);
y22 = (1/z12)+(1/z23);
y33 = (1/z31)+(1/z23);

y12 = -1*(1/z12);
y21 = -1*(1/z12);
y13 = -1*(1/z31);
y31 = -1*(1/z31);
y32 = -1*(1/z23);
y23 = -1*(1/z23);



Y = [y11 y12 y13
     y21 y22 y23
     y13 y23 y33]